333 33333333 33333 3333333333. 207

33333 μς. 333 181, 3333 3333333. 33333-333333333.
3333. 333-333, 100. 333 ‚, 108.
333-333, 100. 333 , 333333. 333333. ,, 333333.
333 ‚‚ 333333, 33 ,, 3333. 333 , 333.
333. 33 , 3333. 333 , 3333.
333 , 333. 33 , 3333. 333 , 333, 333
333333. ,‚ 180. 110 „ 180,1. 333 , 333.
018 „ 333. 181 , 3333. 333 , 333.
333 ,, 333 180, 081-800„ 333. 333-333, 100.
100. 333 , 333. 333 , 3333,
333-333, 3333. 333-333, 100. 333333.
333-333 , 100. 333-333, 100. 333 , 333.
333 ,, 333. 333 „ 333. 33333. , 333.
333 ‚, 181. 421. ‚‚ 333, 188. 333 , 333.
3333. , 333333, 333 , 333. 333-333, 333.
333, 333 ,, 333. 333 , 333333.
3333. 333-333, 100. 333-333, 100.
4481qq. ,, 200. 470 ,, 180. 538011. ‚, 189.
333 , 333. 333-333, 100. 333 , 333.
333 ,, 180. 333-333, 100. 333 , 333333.
333 ,, 333. 333 · , 333333. 333 , 118.
333 „ 333, 333, 333 , 3333. 333-333 ,, 110‚000.
181, 333. 333333. ,, 333333, 333 , 333333,
3333. 100. 333,
333 , 180. 3 333-333 , 100. 808 ,‚ 100.
333-333, 100. 333-333, 333. 333 „ 333333.
333 , 333333. 333 „ 333333, 333 ,, 333333,
333-333 ,, 333. 333. 333.
333 , 333. 808-088„ 100. 8081qq. ,, 108.
5460q. , 333. 333 , 3333. 333 , 3333.
333 „ 3333 333. 33333. , 100.
333-333, 100. 333 „ 333. 333333. , 333.
333 , 333. 333 , 3333. 333 , 333.
33333· ‚‚ 108. 333 , 333. 333333ι ,, 333.
333 , 333333. 333-333, 100. 333 , 333.
581 „ 2081. 888 „ 150. 78⁶0qq. ,, 185.
333 , 333. 333 ,, 333. 333 , 333.
333 ,, 333. 3333 , 3333. 333 „ 188.
880 ,, 3333. 333-333, 100. 808 ‚, 333333.
333-333, 333. 333 , 333, 101. 333 , 333333,
333 , 333333, 108 „ 333. 333333
333. 333-333, 333. 333.
333 , 333333. 333-333, 333, 333 . 110.
333 , 333. 3333. 333 ‚, 101.
808-808„ 100. 188 „ 118,108. 333 , 333333.
805 ,, 1831, 1880qq. „ 121, 188, 8⁴1 „ 178.
333 3333, 33 , 333.
333 ,‚ 118. 100. 33 , 333.
3333333. ,, 333333, 333 ,, 3333. 333-333, 101.
108. 333 , 3333. 333 , 101.
080 „ 108, 108. 108 , 333333, 333 , 333.
333-333, 333. 3333. 333-333, 800.
888 „ 333, 100. 333 ,, 333333. 180 ,‚ 333.
333-333, 100. 018 ,‚ 333. 33133. ‚‚ 108.
333 , 333333. 333 , 333333. 333-333, 333.
333 „ 118. 1 333 , 3333. 010 „ 333333.
333 , 188. 808 ,‚ 118. 333 , 333.
333-333 ,, 100. 818 „ 333333, 333 , 108.
3333. , 333333. 333. 333-333, 108.
333 ,, 333. 3 33333. , 333. 018 ‚ 333.

 

