nn momen mm noman. 205

INDEX LOCORUM.

Α 996 pag. 155, 5. Δ 465-479 ptg. 196. Ε 597 pag. 114,
951 ,, 198,5. 475-487 ,, 195. 190,9.
41155. „ 901. 475 ,, 194. 599 „ 166,1'11.
sossq. „ 901. 48055. „ 115, 165, 569 ,, 105.
94] ,, 180. 167,188, 580-586 ,, 175.
589559· „ 178,180, 195. 584 „ 176,194.
195. 487-504, 196. 595-500 ,, 197.
95855. ,, 109. 489 ,, 119,197, 007 ,, 197.
416 ,, 175. 195, 515-595, 197.
477 ,, 1959. 909,1. 615 ,, 114,197.
479 ,, 199. 491 ,, 156,9. 616 ,, 166.
517 „ 190. 495 ,, 105. 577 ,, 185.
59955. ,, 1555, 501 ,, 175,190. 681 ,, 165.
157,199. 505-516, 197. 709-710, 197.
Γ15-190 „ 196. 517-598 ,, 197. 709859· n 185.
1555. ,, 196, 595 ,, 165167. 704 „ 189.
181,9. 597 „ 166. 707 „ 180.
15 ,, 155. 598 ,, 107,196. 711-909, 197.
55 ,, 100196. 91-8 ,, 197. 756 ,, 175,179.
114 ,, 196,1, 4 ,, 105. 757 ,, 1556.
196. 9-95 ,, 197. 745 ,, 169, 5.
159 „ 119, 196. 19 ,, 156. 755 „ 105.
195 ,, 160. 97-49 ‚, 197. 797 ,, 156,5.
945-589 ,, 196. 40 „¹ 165157. 855 ,, 180.
850-958 ,, 195, 190. 49 ,, 194. 856 ,, 166167.
990 „ 169. 55 ,, 156167. 557 ,, 106,9.
859 ,, 197,198. 85-149 ,, 197. Ζ5-11 ,, 198.
957 ,, 165,9. 99 ‚‚ lobsqq, 9 ,, 175,175.
540-945 ‚, 195196, 190,9, 97-54 „ 195.
558 „ 190. 151 ‚, 197. 55 ,, 156,9.
559 „ 166‚1'14. 144-151, 197, 79-118 „ 198.
571 ,, 155. 145959· » 155, 157. 105 ,, 174.
591 ,, 157. 156-191, 197. 11555. ,, 170.
Δ105-199, 190. 189 „ 106. 117 „ 164,8,
118 „ 155159. 919 ,, 10755. 169.
194 ‚, 157. 990 ,, 159, 7. 995 ,, 189.
159859· „ 119, 179. 958 ,, 181. 949-978, 195.
155 ,, 106. 940 ,, 188. 986-910 ,, 198.
154 ,, 177,9. 959-979, 197,1. 518 ‚, 195.
150 „ 196. 980 „ 181,1. 919 ,, 179175,
151 ,, 1557. 989 ,, 105. 188,
187 ,, 115,]17, 991 ,, 175,197. 599 „ maq,
179. 994 ,, 181,1. 198.
910 ,, 115, 508 „ 155,9. 470 ,, 165,1.
191,1. 919-599, 197,1. 505-505, 195.
989 ,, 150. 584 ‚, 197. 504 „ 189.
419 ,, 174. 59955. ,, 156. 519 „ 189.
490 ,, 119, 405-451, 197. 1111 ,, 175.
1859, 407 ,, 115. 19 ‚, 159,4.
190. 445 ,, 197. 17-40 „ 159, 198.
447 ., 1569. 459-450, 171. 41 ,, 169.
445 ,, 105119, 401 „ 197. 98-151 ,, 165198.
190, 9, 459-507, 171. 151-196, 165198.
197, 494 ‚, 174. 09 ,, 150
909,1. , 507 ,, 191. 1 900-905 ,, 159, 198.
„ 176‚116,y eos-511, 197. 5 906-918, 1655.
195. ³ 595-544 ,, 197. · 907-918 ,, 155.

 

