201 1111111111 1111 1111111111.

11207 pag. 184. 11117 111112. 1111111. 111. 111,1.
212-812, 112128. 12 ,, 111, 118, 77 ,, 118,7.
228 ,, 1112. 112,111, 81 ,, 174.
288 „ 170. 111, 188. 8411. ,, 188, 2.
211-214, 124. 28 ,, 117. 101 ,, 1112,
212 ,, 120. 82 ,, 111, 118, 121.
272 ,, 170. 118. 187 „ 1112.

911 ,, 111,2. 88 ,, 111. 188 „ 111.

12 ,, 102,112, 41 ,, 114, 187-182, 128.
1218, 42 ,, 1112. 188 ,, 177, 124.
127, 48 ,, 111. 221 ,, 111.
202,]. 41-88 ,, 188. 817 ,, 114.

„ 111, 117, 42 ,, 1117. 884 ,, 171.
188. 18 ,, 111. 887-822 ,, 128.
„ 110. 11 ,, 182. 882 ,, 170.
,, 111,188. 88 ,, 112. 826 ’ ,, 188.
,, 1118. 21 ,, 171. 827-422 ,, 128.
,, 111, 117, 21 ,, 112, 171, 401111. ,, 180.
188. 172. 402 „ 182.
,, 112. 102 „ 178. 421 ,, 171121.
,, 111. 10811. ,, 111, 117, 42811. ,, 111, 180,
,, 117. 188, 121.
‚, 188. 122-147 ,, 128. 487-471, 188,182.
,, 111, 117, 144 ,, 111. 418 ,, 188,182.
188. 178 ,, 112. 11180 ,, 172121.
,, 118,1,7. 122 ,, 188,2. 182 ,, 171171.
,, 178,172. 207 ’,, 188,2. 111-118, 778,
,, 118,1. 211 ,, 174. 122,2.
,, 188. 218-288 ,, 128. 112 ,, 111.
,, 172188. 284 ,, 120, 8, 1621-111, 178.
,, 1117, 122111. 118 ‚, 112, 171.
,, 184,188. 281 ,, 101. 112-187 ,, 122.
,, 180. 241 ,, 112, 177 ,. 175.
,, 180. 212 ,, 122128. 181 ,‚ 188.
,, 1124. 280 ,, 188,2. 181 ‚, 111171,
,, 112,2, 222 „ 181. 188.
180. 810-827“,, 128. 187 ,, 182.
,, 111, 119. 821 ,, 111. 188-201, 182.
, 111, 111 ,, 1111. 111 ,, 1111,
1181. 878 ,, 127, 188182,
. ,, 180. 202,1. 12111. ,, 182.
. ,, 111174, 881 ,, 1117. 202 ,, 189,
180. 401-488, 128. 210-248 ,, 182.
,, 110. 428111. ,, 120. 247 ,, 184,182.
. ,, 118180. 447 ,, 111, 117, 241 ‚‚ 182182.
. ,, 780. 188. 211 ,, 111127,
„ 111, 111. 111 ,, 111, 111,
,, 114. 121-182 ,, 128. 2021.
,, 171. 121 ,, 171. 220 ,. 177,2,
,, 188. 170-180, 128. 182.
,, 1111. 172 ,, 111117. 801 ,, 111.
,, 111184, 128 ,, 112. 842 „ 118, 187,
188, 121-111,, 128. 1 120,

„ 111111, 111 , 111. ⁸ 1111.
111. 1111-111, 111. 111 ‚‚ 111,
,, 111, 111, 111111, 111. 111 ,, 111,
111. 111 ,, 1111. 1 111 , 111,
,, 111111, 111 ,, 1111. 1 111, 1,
111. 111 ,, 111. · 111,
, 111. ; 1111-111, 111. , 111, 1.

 

